931.8785513587738
202.96853403551086
767.7652256856122
710.5143991393952
69.13644356721977
963.3106844938334
-62.416650515168485
634.5494159766636
443.5351463274401
510.7290994044007
246.85301299761971
716.6634265643174
787.1057371471812
423.03732347849177
82.98632401912997
584.2726839202833
264.53333904142335
806.8581113155456
844.5608194097033
769.9997530550329
413.91372385499074
239.3420990535103
470.3892530841272
524.9042611071588
27.62301228509743
715.661123959784
468.0368619401089
-54.96705901276929
434.0470201894966
98.84246842545087
942.1996549480862
321.74779900184564
569.0010226389585
629.304648899354
155.06017841035538
871.3554218894054
255.88416247013396
19.434613118463616
981.8437729357213
219.59319704525853
623.0899960669748
-70.80731387061479
867.1677704086117
503.92302534752525
760.2514037800943
396.6927938576964
173.83269941633768
728.303982520774
976.6074887613483
937.5632285926324
358.36943315713734
2.053832399321948
285.59200477360065
219.48734480010995
564.9119226757646
917.0333374108878
850.8098882509199
251.8375501813947
565.5576477153026
64.68778500085546
441.7135960175341
600.4333206213216
110.97005660411281
944.5464240001891
751.5570866385809
653.6063059866209
803.8779265711336
241.61289530115783
507.1384330999009
409.8562720348939
562.9305799707936
874.0807230142194
33.58965048749434
522.5631729858658
842.7377298512201
299.39490637324343
525.6133003266226
681.321310995373
175.713712132529
985.7163911515397
684.82847762051
107.81983935302358
-80.95668262051939
396.73955087184225
786.1882280955255
470.45070202893737
71.17454471669012
1000.0568316305573
926.919110859357
462.25282189115717
191.6178344920043
392.32228607056743
86.13289384144281
294.1516269346203
201.46554359709438
92.94324825388304
737.803963950414
316.1624328743958
710.2688361948983
939.481059378742
559.1527179626663
424.36232691956377
584.5928365738413
151.6577247363064
393.7645300617488
815.5408174766573
795.3105637288784
7.752695945102673
553.1926939196738
867.2395651979009
-91.45130243443404
726.17223264285
729.6656972551239
901.4366968099915
942.315804764258
961.6155201183337
608.5873899984346
615.1828157349811
113.96126760393923
44.092176172261105
-58.82978317984388
-75.3349647974319
383.2797113778334
-41.32142884160339
157.64905900726757
98.25451239591487
726.968712109724
786.8563813570136
951.276903843644
628.3764424869853
319.40184242129203
808.8203943435271
922.8145711621075
609.9085148659543
597.3357306588624
430.07172309245357
147.69247592879324
828.7442978988952
287.20730182826145
664.2290823541864
885.1660033178421
57.43244973538742
71.2295597991968
-83.4587838802839
11.35429754804548
135.7835655367949
411.9446988910167
29.622663562967375
328.84913217538383
86.03054056452652
771.1343030124818
336.08376007910596
910.7177512538581
146.69952563638202
491.6754442400976
282.76324975949655
969.6850070539722
-95.86165336013087
337.6825013447642
79.94663658080896
919.8460032375513
969.4395896601213
184.04495159635417
579.5529984311793
234.24443410775012
167.85083905526994
272.65576089441794
957.2080334879113
639.615332883717
-12.441674982510804
837.7253087136933
-5.289928473144357
220.81696633877806
892.1690740304272
10.382723829145306
966.4630696427198
868.825174761032
521.8714108056635
822.1266475000684
296.9073026221449
585.1932845952821
762.8870034404106
898.9914870150972
103.80899128816645
813.8493268326939
-96.92116914730478
743.0192338985903
336.5406746611166
214.7389461205292
705.2140919317385
845.5723512182899
-79.52647385994759
350.33254371020075
-58.140874919959295
904.4433788420021
676.3403410157341
981.889656644853
838.7011234006736
199.8869435734229
50.98524560533525
705.2939167160404
544.290727195068
387.36661863353294
357.786980664372
690.3700584510717
79.52914175308126
641.955823854816
436.768122768883
189.8516819808891
70.10560648804221
325.01966113077754
962.5827668156276
749.5187136899366
939.4267876959757
241.05557172407515
862.5330159016905
-33.1753805045762
675.5026868829602
38.11616571014298
723.4265193828775
998.6709983888129
955.3797319169028
512.5613117964145
372.37823466797346
629.7785446813471
171.6574518901275
350.31470605967957
-92.43463357775448
456.7742281229015
131.11045836404384
624.3132089734993
877.7887035155175
744.1126076465008
306.39258515588597
834.843727254273
878.4779026007219
86.22053714680109
893.798862365739
13.432575512126121
-69.1782822154162
682.7127905805895
750.7386334460975
814.8205730738454
-95.50639326767026
-42.31895995345946
459.6276146272869
848.4867794358804
-18.811300610471406
392.1321924845841
270.6205330309659
478.6165739688047
105.4632902414005
540.7508664799105
406.82373832795963
499.15274053095334
199.71149581824426
594.9416103286309
36.207500767807716
854.0190978235078
-86.94858340572134
840.7183329222888
865.2319246448789
664.4611457253845
511.8245971965889
331.96324174984704
-72.11310500896066
253.11572024975243
978.2689425575338
70.08817853911992
687.3288479883269
960.8603425256044
650.7267800233657
71.74595892419836
188.72558001573645
554.8624841894579
765.420557692737
692.8615025361852
535.6900393747204
740.3019064476521
564.1556638731362
140.1263900301145
306.8381216650072
526.9644119727151
582.5380817915878
34.336401092414604
128.65660637446652
235.29096633657934
664.4550109510919
-4.875446921529033
280.4021607017855
510.75772095576326
-91.21868690193179
479.38762165027777
111.97856761152246
954.7163777230933
495.6297879559402
842.3391158356792
917.2593094031996
345.7405926467481
324.46914763192507
764.9425013818952
633.654369768791
922.1268259479268
203.5477128369693
812.8477286618233
408.11216495308406
203.25282044786775
558.5022869757487
265.91165753485285
373.20760601633526
713.3556709053421
986.3102343200371
402.0998521602798
844.0061504599475
840.5373420463702
835.2114373567158
600.0560909718477
965.0552825082818
296.3415264090257
796.4784256077586
375.11592088911493
185.73718661481348
132.98365016944484
856.7118075760939
456.84700049230923
419.1555563940102
659.5733977692587
189.84411322941622
78.74819002671782
0.31664726130306065
217.5945483848517
613.0935097405492
875.8810787350335
280.86704293786767
734.0323677712519
151.11763641320493
77.94724507291718
42.14199481971576
120.61979958100372
545.3838174147103
880.1038723248947
181.578600145876
293.81799579319534
849.4903091770541
391.6589705529001
845.191478726316
417.71675583408876
-71.31434131849467
454.6843582937338
434.67041509053945
41.0258035541695
473.88949895291466
-66.24155497615362
909.9116182715052
585.9248786303494
826.9015818957457
634.9957181534886
488.60677163515277
503.9465121709586
418.7961509701447
474.35262709601636
798.710497127638
277.5646725299889
16.492583316021054
965.8606466079502
-98.59810219285097
701.6952879514586
389.92885275829804
215.75511791882144
634.2070187035312
881.2794941395028
780.8845574016103
608.124355463119
949.1726358452229
20.160541525582417
655.7516088359965
641.5890924578569
-71.9216155729452
444.74768232110034
532.0526497607559
510.7569927833189
504.761870282226
111.10838634307902
599.3710012941253
-94.49056561385622
361.5590640906125
-95.24899271796275
297.3984305931699
494.64789844166444
296.4815184714545
504.7673509071301
731.3903948626429
751.0093494890864
911.8387535535352
269.0864572338259
178.95990233188508
-73.57072969249681
247.85879338118787
476.23915231154353
871.606341332801
888.4795449086059
421.9966409692572
390.06101935046297
772.3511120559483
-44.50361688477136
931.3832163386437
911.638741051206
693.5494617714397
557.3945630676518
630.1146810087463
50.94506554900261
371.75114438562423
503.44375618950073
705.133262649207
943.1757997571056
507.9945281034526
82.584032740261
61.460364949228335
313.64966664078435
131.24815788368196
693.3387162763103
567.5322813606567
363.6012300990804
179.67701809345442
848.3755142621661
376.5914782262732
276.7921089428415
659.8577248741703
174.74382262924513
192.76942540538914
172.63347291994853
-32.668652142344
913.4729821944595
397.52276309639865
-18.17163488436708
846.6948200486278
649.7391968686363
737.647107513959
878.1532156317621
135.15502020720157
3.5376271532201997
252.0111887124093
369.09059518394395
357.96479040852745
118.05301801696757
93.09766633323585
815.1521148254365
-60.91582867828744
211.44847965453295
823.6932933536442
-23.07421487578958
101.68862443665984
286.71411718307274
303.7160685653824
613.7334446880744
833.796998016001
579.9944585244895
382.4521869429835
278.92241068361255
291.02879565646
171.4660511101779
395.04859238606986
872.357764576726
105.38413075706512
930.9800063597277
200.19165960708443
594.3198769295842
880.7569624769588
378.2400326950115
559.7065550488135
9.66300007396572
840.5953925637854
838.5492349387358
116.84088879717322
412.42684485560073
838.362685349223
-31.28403893081733
842.0472733473111
414.3953486695423
168.3549988662922
-45.59395499039373
-30.414529691088163
286.97446859905864
932.4757515392337
523.4613231004159
-6.557441313943116
355.37129767216953
423.44847257648314
312.0719211681187
286.82077109703357
680.0767999126456
679.6145273900433
727.1835998220238
748.9355041694803
649.6330380981296
-36.58111211176405
998.8364850543887
349.52646964984575
830.7649495004282
498.6853653568255
858.9369563490235
536.9328916081337
804.377261090445
-21.328427101227348
517.5656702467898
113.01202153203113
-80.47643352104632
922.1749180545547
896.6360852013776
401.149229466521
776.5672586323185
31.95868435441764
218.92891660095205
-73.58662443472824
-58.56913205740615
173.53071770268298
173.3572944776023
523.7603576229333
857.784710967576
239.00190756183076
-49.12402513359957
924.8793148081704
442.9738180839838
524.5495025641405
-12.034687621742236
685.5687025466965
396.8835265161228
18.007072789630527
370.8731166883051
321.3344347700807
228.37792522635596
408.5812195983491
861.8580405370966
35.77135488342137
733.4742215702687
372.92727023502783
394.82591556386177
404.6338967476975
468.2235519951071
28.081080489007434
821.4386978609654
922.851490797021
418.81330797020166
676.3300536891002
631.005160286907
991.7906392762277
216.81089489642625
558.9003332778962
379.60128706152506
463.5357652958538
993.6769265359608
572.8409923367458
-96.09843873058924
-55.503819598259334
-21.030498871331517
678.9443652388538
443.00107756091677
456.8777274035805
683.7917345788263
263.9575776811153
649.4372163965163
173.15247510492958
878.7945412617249
712.1687677935487
779.89877518525
178.84299832884898
401.24752406445253
9.56686676559687
4.470618421699854
564.3844032493182
727.1077276202462
976.8396526756014
684.515950282778
734.4610732122169
-38.84546672847402
805.3748885853181
885.1428962886125
597.134047894071
74.15965779015443
709.5349355417936
277.449741524511
491.10283974286585
45.16269130452247
838.2921810722403
996.3864486328737
722.4320483331634
209.53400856199124
64.18627158480001
351.02198214335453
607.3583545881
819.5327413953429
238.18615183250483
452.0505917896419
470.02191331162567
206.8124323754841
635.8352149889494
1000.3131200912119
406.8004633732215
68.68146929408698
406.0471121867393
299.93459650909386
899.4790838092538
685.2048047583581
658.6630099983241
923.2206988073289
722.3390473928391
390.5870335990578
247.27184087350435
834.4828935469069
992.4616405799434
382.5794320786471
46.230882625237825
900.6468957014713
-17.537674891656565
610.1454157734003
209.85928374024996
497.1832140827353
-78.90130257951017
-97.72279948496568
171.7685897625513
681.0444739239647
74.12336876381903
391.5330286924889
662.8892881179643
578.4694281728921
-66.48675078706896
451.67679755861263
813.7001802882457
513.4607341884548
355.8088962863926
528.4166528386387
931.5373596330935
-44.97531690438046
74.49000855956254
211.34389426930636
160.6524202279419
208.2412881999005
391.3660422210139
572.5773426603411
270.99355830459405
909.691571597985
545.4100802348553
607.0452795050021
306.8987406885507
170.094037810989
641.0268162269768
284.48045306525455
613.4411798803106
133.459849271488
446.2445727718739
171.74873936466645
813.4175663001515
772.8615685418932
760.5549128882069
554.7088944580798
561.638568597837
566.2114917971729
919.8190642190257
955.0906491527207
266.8925644665985
903.4139911687552
787.2429446832549
346.7186250728816
785.4660233228842
355.7495100288527
696.927154269387
944.0662110585795
-81.54219567331137
693.8338827241506
-97.04404285421741
970.6714605344573
63.44450216475772
325.6083431081191
153.81496807722576
825.4013831468307
839.658478380328
819.2324831395458
617.5089639816421
263.36498201412707
778.4773649965158
739.2880751750668
251.65644184838385
801.1240800574523
655.3092764917366
642.9967750375866
164.83849027439442
117.04961803426497
388.9254379761965
810.2072301029993
747.9153268008238
96.9030028823025
328.5059014783996
-66.43985663759985
185.44720887220774
851.653079118381
399.82600243193616
283.64337632609204
-69.41944817495474
955.8039655313662
696.0911075305369
-99.73242411847738
659.7411254628819
7.992020637312919
595.8290775722052
68.21520732529262
576.4901938356096
120.97460660244363
501.3365930911117
269.8756581799566
1000.484608393414
203.4837652841124
726.7276816032849
239.8616260915075
715.7855994822094
-0.8594958408487656
625.6943564728602
43.5790477591446
542.0074049080386
966.6222337729232
665.9451113204027
822.2913827928442
768.8109112364765
333.7892558004357
202.74434892492542
-5.1477440368605585
645.319787954101
394.55140951690646
495.42233421100786
115.50241376635552
-85.78163150813775
-64.00553520676749
964.4463033389864
829.2837265240639
739.5902140959523
563.337704186534
22.088452939092562
69.39233590563211
564.6034307476469
671.937276012929
723.8660179226041
707.1323438944024
926.7444112324447
714.0501338187978
655.4760983555324
244.9279003530313
40.471747487950495
-35.523768881352865
825.634712077859
348.11139379947497
88.80183815895694
195.09052418267459
35.73812094073327
2.7977740342286097
751.321849519284
-30.67066272247895
980.0781344378029
922.0841446950811
-8.38478378941673
89.19178193757548
403.426578906434
-93.84198589534186
-63.16056603379851
746.9869298418737
562.4170438728543
517.4221191580793
523.1271789002915
536.5105721710631
374.07176262740427
847.6770073656544
951.2421475071369
757.5426394215541
-42.69529349837719
622.1444217093534
-87.08305450439315
753.8966107566278
187.2634557103259
813.054799596022
435.30480569760346
727.3370303298552
716.4262186699312
149.6096452494561
139.2129562512855
574.1111963161213
495.5055698759828
782.0188423746173
342.5627292415366
144.9459087250507
349.0105928444051
3.6241730931671015
239.62264094099947
572.1864173841997
799.7114773525111
858.6698944906996
471.65608357191275
387.4390475290536
819.8100598027145
103.09908944287756
918.7620993024959
339.3249720177957
774.6423525652656
905.4944370404413
806.1518048513886
165.54382604335234
262.86334417023517
799.7841310347592
33.70425819809037
683.3893358377123
345.0959695574024
816.7083735158986
362.9501508832694
60.82266023227584
551.6516186805585
14.121739192566395
543.1213762703633
-86.72577304398972
7.838208741508993
284.2029446745219
440.1187387212807
243.84548267545995
954.69175699324
706.5980679319072
809.0090758674539
287.78316176533366
671.472760529666
104.72059293015985
91.23297661754239
764.5843070902475
432.45957433480476
225.5809762961406
10.315925324996655
464.85389462297906
486.81529791898504
822.2938178413845
242.05693250722578
688.2504658701055
256.6806833957906
460.66162379205025
196.63827698744518
-70.97249527156829
140.58454581084587
26.34087392706131
112.93806064055698
236.42132849537734
253.80229526525193
451.6861077779952
635.4065293060197
735.0365677604564
-80.55201666252424
334.4301813018458
146.5308594347139
268.5515935357848
298.12215077762653
886.4056301135801
952.2149929462421
216.04592443417596
401.06707452388395
474.4284942047019
452.49307755839834
430.4866120537457
687.9547501097819
478.0210661037976
451.6288913655093
325.89428043570905
158.3669611719298
-87.55768498753348
730.9798102240474
-15.610732955090384
195.46147374533672
486.6707754571081
514.9270941471252
350.53970896567836
538.6537917513998
676.3542992487786
595.9497020507065
813.2214001341744
210.9729482885312
273.9864024148808
143.69338317138588
93.475597059368
443.05708290632003
910.3733418638284
-14.08779350893144
809.6975407503423
20.882373290736965
576.7085417884058
143.01843682324795
210.82383280929798
977.3733937795416
964.9570696625251
402.6146987276606
-69.55064367995648
388.65200027742304
558.1518211600121
787.1086730434475
386.24317788129787
456.8132976921015
789.9752799805199
567.995138669398
530.9246759872965
54.00782468400908
851.1205668321827
781.7765679814021
46.240937443157065
997.7780937008968
911.5934680231069
-18.287980778081703
101.35673822362327
122.21800639450538
363.4081026588334
669.3100832206469
167.07647003184758
460.54346725098367
83.20268940126894
733.8782725812215
-32.289458971559995
526.898938620206
585.1209291964324
-0.4057952538327072
770.8097014015949
467.04929313681873
838.7980076182808
-97.13409675049694
323.746637257076
-53.4518429908677
538.394172348303
407.84587365013857
980.9819659966183
-79.31322787966712
820.656306158275
-54.482537585919346
891.3713219913167
179.14254198576617
145.62619644212188
632.4246451126259
590.1999519250247
35.42904521401647
595.0624064301958
738.2531866359186
226.37931133300913
158.23517517252213
194.73155826145688
189.15099337325512
520.5378558231505
385.0607056123097
248.60998718886157
367.54173472826744
704.1521963249286
101.30990628686604
745.2386075403847
-61.06490553057375
71.42414917161378
926.875935615426
-14.673193290251618
976.2011381588045
242.82432949999162
87.79721291627706
716.5819510478008
150.4060053319554
306.0354352509299
204.15689426340447
403.46311927285353
901.5541301133086
-30.927163012369263
174.31145217525352
462.8368995709005
-45.01685621073281
298.3105940081103
572.0545227163246
-37.23482233659955
991.4859108334224
627.8488897071835
679.0346215506802
427.760450980324
452.18131876595214
144.19475935879032
222.2874921491969
568.8564390744838
358.29992743989226
-35.58854030308403
470.49664776989584
895.8788978323107
882.8809304440408
913.1205543457094
694.920283323269
614.8640409045811
286.44545505305376
672.5077003550887
725.7455556407067
188.79148221853904
237.50126320026823
316.27941541615286
564.283530390978
-93.43595206776854
288.4362884642448
299.46691487418803
149.4782787590044
57.29096785389913
62.81597743186518
187.77337604013616
30.852787926518914
