300.2345094371106
661.2682033449742
409.3316318939534
601.8991934332537
598.9714178565367
845.1303710225466
789.9012075938272
317.99718241555684
391.80170309475585
888.1932095992385
920.387470519164
626.5625931999722
252.71887899250083
179.05045679349098
125.08389348795689
606.9122692976131
902.6821564293197
319.4207780245917
695.165874543678
813.0895610046418
134.8797418896024
-29.652076830581052
666.4813238718383
-44.42047452523723
790.0071365320226
296.45154434988484
676.3526269680747
-11.740908910463148
842.7753247186027
890.5905015974232
628.202864935693
680.0099510662625
943.4559954114893
145.61322061619796
798.773723989986
330.11761234937666
967.4355470998785
622.0948860152014
253.50516200148485
61.91836972152973
531.2996584851951
991.7264997911154
864.5104569755059
640.7007409636341
244.72208362847596
935.219565911355
84.89863050188836
378.6554135371734
925.7922726116092
-68.51305722812748
177.5487440966234
331.48039546008044
759.5987336353041
679.1794203804697
711.7717978022856
643.1345150456889
-73.10501662604307
378.66031883520725
26.787739398677473
237.4394844766781
84.72675326863987
58.53339516426374
623.8123509199645
306.6086627306346
79.87493823626448
206.8805697668131
595.1593928754995
342.19129239553
-49.034244588188024
311.31962928880705
553.0972856780153
686.6830045039256
-7.442726130344539
317.05126681997115
802.6403022667045
816.7774189271441
126.55293929022042
37.809689488079414
848.8335762073041
511.63658034076263
947.2329648310915
53.931396294790034
23.850410191374436
695.1274927797882
-46.89248300258705
422.26140810860295
750.6780197089188
680.899345684638
338.8287458257603
851.0407918968288
108.00892461574838
453.27476762507285
-97.26022297641877
90.68960112611163
180.4457773497366
893.4067616821967
872.8948676911126
933.2033648526963
312.47645247835635
74.58327777770745
